trajectories: 441  (steps median 42)
token source: API usage for 441/441 trajectories; raw replay vs real context per call: median error 0.0%, p90 0.0%

ALL trajectories — medians (peak, sent) / means (compacts, misses, steps over budget)
 budget policy        peak k  sent k  compacts  misses  fresh  over  n
   8000 raw             29.7     697      0.00    0.00   0.00  35.4  441
   8000 tail10          14.0     361      0.00    0.17   0.06  28.3  441
   8000 compact          8.7     376     18.32    0.37   0.17   3.7  441
   8000 slim            17.4     416      0.00    0.00   0.00  29.2  441
   8000 ours 90/70       7.1     220      5.98    0.35   0.21   0.0  441
   8000 ours 80/50       6.3     184      5.65    0.48   0.33   0.0  441
   8000 ours 60/40       4.8     146     10.76    0.83   0.66   0.0  441

  16000 raw             29.7     697      0.00    0.00   0.00  25.0  441
  16000 tail10          14.0     361      0.00    0.17   0.06   4.2  441
  16000 compact         14.3     464      5.34    0.10   0.03   0.1  441
  16000 slim            17.4     416      0.00    0.00   0.00  12.8  441
  16000 ours 90/70      14.2     367      1.92    0.09   0.02   0.0  441
  16000 ours 80/50      12.6     328      1.84    0.12   0.05   0.0  441
  16000 ours 60/40       9.5     265      3.15    0.18   0.09   0.0  441

  32000 raw             29.7     697      0.00    0.00   0.00   9.6  441
  32000 tail10          14.0     361      0.00    0.17   0.06   0.1  441
  32000 compact         27.7     651      0.94    0.01   0.01   0.0  441
  32000 slim            17.4     416      0.00    0.00   0.00   2.1  441
  32000 ours 90/70      17.6     416      0.31    0.03   0.00   0.0  441
  32000 ours 80/50      17.6     416      0.35    0.03   0.00   0.0  441
  32000 ours 60/40      17.5     405      0.80    0.06   0.01   0.0  441


LONG trajectories (>= 50 steps) only
 budget policy        peak k  sent k  compacts  misses  fresh  over  n
   8000 raw             48.6    1586      0.00    0.00   0.00  55.8  129
   8000 tail10          17.2     621      0.00    0.40   0.12  48.0  129
   8000 compact         10.1     600     30.11    0.70   0.23   6.6  129
   8000 slim            28.3     937      0.00    0.00   0.00  49.7  129
   8000 ours 90/70       7.2     338     10.78    0.76   0.47   0.0  129
   8000 ours 80/50       6.4     287     10.67    1.05   0.70   0.0  129
   8000 ours 60/40       4.8     235     21.93    1.78   1.43   0.0  129

  16000 raw             48.6    1586      0.00    0.00   0.00  44.8  129
  16000 tail10          17.2     621      0.00    0.40   0.12   9.6  129
  16000 compact         14.4     782      9.76    0.25   0.07   0.2  129
  16000 slim            28.3     937      0.00    0.00   0.00  31.4  129
  16000 ours 90/70      14.3     605      4.28    0.26   0.07   0.0  129
  16000 ours 80/50      12.7     519      3.74    0.31   0.12   0.0  129
  16000 ours 60/40       9.5     416      5.75    0.43   0.19   0.0  129

  32000 raw             48.6    1586      0.00    0.00   0.00  25.2  129
  32000 tail10          17.2     621      0.00    0.40   0.12   0.3  129
  32000 compact         28.6    1042      2.09    0.04   0.02   0.0  129
  32000 slim            28.3     937      0.00    0.00   0.00   6.8  129
  32000 ours 90/70      27.7     895      0.96    0.09   0.01   0.0  129
  32000 ours 80/50      25.0     843      0.99    0.11   0.02   0.0  129
  32000 ours 60/40      19.0     715      2.04    0.17   0.04   0.0  129

