trajectories: 441  (steps median 42)
token source: chars/4 (no usage recorded)

ALL trajectories — medians (peak, sent) / means (compacts, misses, steps over budget)
 budget policy        peak k  sent k  compacts  misses  fresh  over  n
   8000 raw             16.3     391      0.00    0.00   0.00  27.5  441
   8000 tail10           8.3     224      0.00    0.17   0.06   7.2  441
   8000 compact          7.2     275      7.98    0.16   0.06   0.5  441
   8000 slim             9.0     230      0.00    0.00   0.00  13.7  441
   8000 ours 90/70       7.1     202      2.00    0.10   0.03   0.0  441
   8000 ours 80/50       6.3     178      2.01    0.14   0.07   0.0  441
   8000 ours 60/40       4.8     147      4.39    0.31   0.20   0.0  441

  16000 raw             16.3     391      0.00    0.00   0.00  10.3  441
  16000 tail10           8.3     224      0.00    0.17   0.06   0.2  441
  16000 compact         14.0     353      1.15    0.02   0.01   0.0  441
  16000 slim             9.0     230      0.00    0.00   0.00   1.4  441
  16000 ours 90/70       9.0     230      0.22    0.01   0.00   0.0  441
  16000 ours 80/50       9.0     228      0.27    0.02   0.00   0.0  441
  16000 ours 60/40       8.9     222      0.72    0.05   0.01   0.0  441

  32000 raw             16.3     391      0.00    0.00   0.00   1.0  441
  32000 tail10           8.3     224      0.00    0.17   0.06   0.0  441
  32000 compact         16.3     391      0.10    0.00   0.00   0.0  441
  32000 slim             9.0     230      0.00    0.00   0.00   0.0  441
  32000 ours 90/70       9.0     230      0.00    0.00   0.00   0.0  441
  32000 ours 80/50       9.0     230      0.00    0.00   0.00   0.0  441
  32000 ours 60/40       9.0     230      0.05    0.00   0.00   0.0  441


LONG trajectories (>= 50 steps) only
 budget policy        peak k  sent k  compacts  misses  fresh  over  n
   8000 raw             24.6     814      0.00    0.00   0.00  48.6  129
   8000 tail10           9.7     366      0.00    0.40   0.12  14.4  129
   8000 compact          7.2     449     13.84    0.33   0.11   0.6  129
   8000 slim            13.2     460      0.00    0.00   0.00  33.1  129
   8000 ours 90/70       7.2     330      4.04    0.26   0.05   0.0  129
   8000 ours 80/50       6.4     281      3.74    0.35   0.15   0.0  129
   8000 ours 60/40       4.8     228      9.02    0.78   0.50   0.0  129

  16000 raw             24.6     814      0.00    0.00   0.00  25.1  129
  16000 tail10           9.7     366      0.00    0.40   0.12   0.6  129
  16000 compact         14.3     564      2.19    0.05   0.02   0.0  129
  16000 slim            13.2     460      0.00    0.00   0.00   4.6  129
  16000 ours 90/70      13.2     458      0.67    0.03   0.00   0.0  129
  16000 ours 80/50      12.4     451      0.78    0.06   0.01   0.0  129
  16000 ours 60/40       9.5     388      1.75    0.15   0.02   0.0  129

  32000 raw             24.6     814      0.00    0.00   0.00   3.1  129
  32000 tail10           9.7     366      0.00    0.40   0.12   0.0  129
  32000 compact         24.6     795      0.32    0.00   0.00   0.0  129
  32000 slim            13.2     460      0.00    0.00   0.00   0.0  129
  32000 ours 90/70      13.2     460      0.01    0.00   0.00   0.0  129
  32000 ours 80/50      13.2     460      0.02    0.00   0.00   0.0  129
  32000 ours 60/40      13.2     460      0.17    0.01   0.00   0.0  129

